[[0,"Technic","Wedge","Belt","Wheel","Tyre"],[0,"Name:","2815.dat"],[0,"Author:","James","Jessiman"],[0,"!LDRAW_ORG","Part","UPDATE","2012-01"],[0,"!LICENSE","Redistributable","under","CCAL","version","2.0",":","see","CAreadme.txt"],[0,"BFC","CERTIFY","CCW"],[1,16,0,0,0,1,0,0,0,1,0,0,0,1,"s\\2815s01.dat"],[1,16,0,0,0,0,-1,0,1,0,0,0,0,1,"s\\2815s01.dat"],[1,16,0,0,0,-1,0,0,0,-1,0,0,0,1,"s\\2815s01.dat"],[1,16,0,0,0,0,1,0,-1,0,0,0,0,1,"s\\2815s01.dat"],[1,16,0,0,0,0.965926,-0.258819,0,0.258819,0.965926,0,0,0,1,"s\\2815s01.dat"],[1,16,0,0,0,-0.258819,-0.965926,0,0.965926,-0.258819,0,0,0,1,"s\\2815s01.dat"],[1,16,0,0,0,-0.965926,0.258819,0,-0.258819,-0.965926,0,0,0,1,"s\\2815s01.dat"],[1,16,0,0,0,0.258819,0.965926,0,-0.965926,0.258819,0,0,0,1,"s\\2815s01.dat"],[1,16,0,0,0,0.866025,-0.5,0,0.5,0.866025,0,0,0,1,"s\\2815s01.dat"],[1,16,0,0,0,-0.5,-0.866025,0,0.866025,-0.5,0,0,0,1,"s\\2815s01.dat"],[1,16,0,0,0,-0.866025,0.5,0,-0.5,-0.866025,0,0,0,1,"s\\2815s01.dat"],[1,16,0,0,0,0.5,0.866025,0,-0.866025,0.5,0,0,0,1,"s\\2815s01.dat"],[1,16,0,0,0,0.707107,-0.707107,0,0.707107,0.707107,0,0,0,1,"s\\2815s01.dat"],[1,16,0,0,0,-0.707107,-0.707107,0,0.707107,-0.707107,0,0,0,1,"s\\2815s01.dat"],[1,16,0,0,0,-0.707107,0.707107,0,-0.707107,-0.707107,0,0,0,1,"s\\2815s01.dat"],[1,16,0,0,0,0.707107,0.707107,0,-0.707107,0.707107,0,0,0,1,"s\\2815s01.dat"],[1,16,0,0,0,0.5,-0.866025,0,0.866025,0.5,0,0,0,1,"s\\2815s01.dat"],[1,16,0,0,0,-0.866025,-0.5,0,0.5,-0.866025,0,0,0,1,"s\\2815s01.dat"],[1,16,0,0,0,-0.5,0.866025,0,-0.866025,-0.5,0,0,0,1,"s\\2815s01.dat"],[1,16,0,0,0,0.866025,0.5,0,-0.5,0.866025,0,0,0,1,"s\\2815s01.dat"],[1,16,0,0,0,0.258819,-0.965926,0,0.965926,0.258819,0,0,0,1,"s\\2815s01.dat"],[1,16,0,0,0,-0.965926,-0.258819,0,0.258819,-0.965926,0,0,0,1,"s\\2815s01.dat"],[1,16,0,0,0,-0.258819,0.965926,0,-0.965926,-0.258819,0,0,0,1,"s\\2815s01.dat"],[1,16,0,0,0,0.965926,0.258819,0,-0.258819,0.965926,0,0,0,1,"s\\2815s01.dat"],[0]]