[[0,"Sticker","0.8","x","1.9","with","Red","and","White","Taillamp","on","Yellow","Background","Right","(Formed)"],[0,"Name:","6142622ic01.dat"],[0,"Author:","Massimo","Maso","[Sirio]"],[0,"!LDRAW_ORG","Part","UPDATE","2022-03"],[0,"!LICENSE","Redistributable","under","CCAL","version","2.0",":","see","CAreadme.txt"],[0,"BFC","CERTIFY","CCW"],[0,"!KEYWORDS","Set","75870,","Speed","Champions,","Chevrolet,","Corvette"],[1,16,0,-15.6524,12.616,1,0,0,0,0.998894,-0.047023,0,0.047023,0.998894,"s\\6142622is01.dat"],[1,16,0,-15.6524,12.616,1,0,0,0,0.989715,-0.143056,0,0.143056,0.989715,"s\\6142622is02.dat"],[1,16,0,-12.8827,-1.648,1,0,0,0,0.971148,-0.238478,0,0.238478,0.971148,"s\\6142622is03.dat"],[1,16,0,-12.8827,-1.648,1,0,0,0,0.941616,-0.336689,0,0.336689,0.941616,"s\\6142622is04.dat"],[1,16,0,-7.5316,-14.436,1,0,0,0,0.900072,-0.435742,0,0.435742,0.900072,"s\\6142622is05.dat"],[1,16,0,-7.5316,-14.436,1,0,0,0,0.844289,-0.535889,0,0.535889,0.844289,"s\\6142622is06.dat"],[1,16,0,0,0,1,0,0,0,1,0,0,0,1,"s\\6142622is08.dat"]]