[[0,"Wheel","Rim","23","x","22","Offroad","with","Axlehole"],[0,"Name:","6580a.dat"],[0,"Author:","Jeff","Boen","[onyx]"],[0,"!LDRAW_ORG","Part","UPDATE","2017-01"],[0,"!LICENSE","Redistributable","under","CCAL","version","2.0",":","see","CAreadme.txt"],[0,"BFC","CERTIFY","CCW"],[0,"!KEYWORDS","43.2","x","28,","Balloon,","Small"],[1,16,0,0,0,0,-0.5,-0.866025,0,0.866025,-0.5,1,0,0,"s\\6580a.dat"],[1,16,0,0,0,0,-0.5,0.866025,0,0.866025,0.5,1,0,0,"s\\6580a.dat"],[1,16,0,0,0,0,0.5,0.866025,0,-0.866025,0.5,1,0,0,"s\\6580a.dat"],[1,16,0,0,0,0,0.5,-0.866025,0,-0.866025,-0.5,1,0,0,"s\\6580a.dat"],[1,16,0,0,22,0,-0.5,0.866025,0,0.866025,0.5,-1,0,0,"s\\6580b.dat"],[1,16,0,0,22,0,0.5,-0.866025,0,-0.866025,-0.5,-1,0,0,"s\\6580b.dat"]]